11111111 000000
68507476 123456
84681656 123456
45438163 123456
23704881 123456
47846586 123456
05505261 123456
97225394 123456
09663901 123456
08274926 123456
21707801 123456
57726139 123456
89191115 123456
41651620 123456
63838664 123456
87717136 123456
61832058 123456
01317584 123456
63128917 123456
32341058 123456
51537174 123456
88253837 123456
78779500 123456
61606887 123456
74330975 123456
88201761 123456
58147295 123456
20130268 123456
79427902 123456
60359972 123456
37448990 123456
31727400 123456
23754870 123456
02649857 123456
82580168 123456
60905627 123456
81521954 123456
33121645 123456
43393917 123456
19440570 123456
36326956 123456
35144452 123456
97067265 123456
93526700 123456
01605776 123456
54247583 123456
22996785 123456
23740233 123456
07105648 123456
81636328 123456
06981520 123456
21410158 123456
71346460 123456
06574606 123456
10500718 123456
55345682 123456
65234372 123456
91075436 123456
40260862 123456
78978313 123456
55535222 123456
83347722 123456
70340413 123456
50931983 123456
07387522 123456
07020005 123456
47390537 123456
01478385 123456
32126248 123456
94382460 123456
53202950 123456
22975760 123456
47660655 123456
82535900 123456
06139529 123456
67582311 123456
90587990 123456
55813575 123456
97936676 123456
48416746 123456
85151328 123456
69463987 123456
79739017 123456
06349558 123456
48729189 123456
90787741 123456
64359732 123456
86771578 123456
74801601 123456
87477542 123456
32352968 123456
08758942 123456
25477289 123456
18391890 123456
95502875 123456
08814201 123456
85657584 123456
71101480 123456
87171386 123456
10967783 123456
71359544 123456
68609775 123456
48853908 123456
36117737 123456
30646090 123456
72711617 123456
54054620 123456
39380004 123456
54293175 123456
11530883 123456
37011694 123456
28630902 123456
49840714 123456
67783420 123456
51534284 123456
07412877 123456
45926235 123456
24004364 123456
58024060 123456
58696570 123456
20385202 123456
50148413 123456
55494026 123456
28954554 123456
22147058 123456
70551832 123456
15424524 123456
87280656 123456
83828630 123456
91845864 123456
96104213 123456
75696287 123456
23592477 123456
26936170 123456
98747566 123456
43800117 123456
22521581 123456
27560709 123456
90384782 123456
75586870 123456
80909353 123456
66326663 123456
16123307 123456
81521633 123456
68413504 123456
82844092 123456
94457057 123456
34767731 123456
19299108 123456
05723693 123456
50010223 123456
87341383 123456
33644969 123456
29930779 123456
89726426 123456
36155047 123456
72685696 123456
85207304 123456
20729445 123456
09688999 123456
09976226 123456
91314887 123456
11109067 123456
14581565 123456
86797743 123456
14613097 123456
16916372 123456
71600407 123456
15549848 123456
18016480 123456
09718784 123456
69946843 123456
11461716 123456
07596291 123456
51501402 123456
29129530 123456
68231402 123456
42601619 123456
78840823 123456
79477957 123456
58210632 123456
97699734 123456
04365813 123456
71909325 123456
04044970 123456
38343203 123456
39347183 123456
64795844 123456
72373031 123456
68273132 123456
83385176 123456
82771605 123456
67177320 123456
98554062 123456
59779830 123456
41017762 123456
95924878 123456
69951426 123456
62339109 123456
26195244 123456
40412607 123456
03460752 123456
95692268 123456
11948728 123456
57359104 123456
70188103 123456
80440782 123456
92098208 123456
84966675 123456
64549677 123456
47460938 123456
76722831 123456
94657323 123456
57072393 123456
15942873 123456
56416311 123456
37741691 123456
64911152 123456
42473623 123456
42933653 123456
49263615 123456
07678663 123456
64487090 123456
00917328 123456
07549178 123456
18073278 123456
16554849 123456
84946666 123456
37367388 123456
25780781 123456
10460625 123456
26738412 123456
91770534 123456
67223826 123456
80964926 123456
53326735 123456
23443309 123456
52686307 123456
07788695 123456
76696101 123456
02198369 123456
42610012 123456
68893567 123456
23435377 123456
29264877 123456
25133428 123456
85110688 123456
48250748 123456
82721836 123456
45673624 123456
12183461 123456
36751900 123456
09683498 123456
19644483 123456
95263927 123456
25462837 123456
81476686 123456
30798859 123456
97017172 123456
49637530 123456
40342851 123456
77063680 123456
96892097 123456
75662452 123456
84353193 123456
38015839 123456
24823171 123456
83568566 123456
24845743 123456
97412077 123456
28786818 123456
95788109 123456
40441723 123456
13973013 123456
08698178 123456
62988815 123456
66403730 123456
12832263 123456
43263850 123456
51195422 123456
11042945 123456
74468013 123456
57467305 123456
60391591 123456
38379634 123456
36430497 123456
94586782 123456
17012477 123456
60646248 123456
18682411 123456
41428765 123456
30142994 123456
07635139 123456
75162657 123456
26249251 123456
01885865 123456
35675852 123456
01969969 123456
56715857 123456
17507059 123456
76975928 123456
64244289 123456
51426187 123456
57143816 123456
22693671 123456
73391683 123456
21497026 123456
63439056 123456
50042680 123456
18541586 123456
91012350 123456
65568898 123456
62158420 123456
69872137 123456
83558860 123456
80933122 123456
72629021 123456
49320923 123456
57628488 123456
16172122 123456
24575414 123456
17825072 123456
40647323 123456
37433272 123456
77616824 123456
86265379 123456
96590800 123456
98313449 123456
62454669 123456
96534820 123456
43289335 123456
91545881 123456
97467660 123456
07085301 123456
32141687 123456
78831777 123456
68408489 123456
19432060 123456
84009049 123456
92762512 123456
59235353 123456
86302984 123456
63665326 123456
32460655 123456
31797421 123456
35504223 123456
97638744 123456
76339018 123456
26545285 123456
80166787 123456
00818155 123456
36763423 123456
96169148 123456
95760959 123456
26617074 123456
14782150 123456
14235530 123456
60618594 123456
23521466 123456
06550531 123456
70976928 123456
22704372 123456
79947579 123456
63501298 123456
63961487 123456
17937152 123456
57929556 123456
54295661 123456
40766103 123456
95161268 123456
76560052 123456
93237076 123456
22474245 123456
84007279 123456
45359723 123456
44839427 123456
65273372 123456
02115154 123456
24926562 123456
42959209 123456
19457000 123456
60936493 123456
40159470 123456
75005973 123456
76582906 123456
37266525 123456
09030003 123456
67457374 123456
54844761 123456
70957095 123456
25977732 123456
95243110 123456
85409325 123456
13520888 123456
63698034 123456
99969107 123456
49295076 123456
34989162 123456
19625299 123456
23508942 123456
07399139 123456
70427887 123456
11537169 123456
34986296 123456
48477871 123456
71997952 123456
53340939 123456
01959081 123456
38434599 123456
93337688 123456
70336840 123456
02987078 123456
35169626 123456
73164841 123456
25691587 123456
57070210 123456
94836476 123456
51505940 123456
60435656 123456
82180431 123456
47443235 123456
08677022 123456
37406343 123456
99861726 123456
86683698 123456
60071373 123456
60656378 123456
93509992 123456
92565072 123456
47395810 123456
40807211 123456
07328477 123456
63785105 123456
10604240 123456
95574392 123456
21899556 123456
31526368 123456
19230355 123456
23511991 123456
33148796 123456
59916090 123456
84369191 123456
75036184 123456
96120343 123456
03001245 123456
54861165 123456
08417781 123456
90938017 123456
76441062 123456
72510586 123456
54206520 123456
87455159 123456
46066570 123456
61728349 123456
43493707 123456
46356978 123456
15382371 123456
71689069 123456
36142978 123456
43561509 123456
70861299 123456
62155052 123456
63320542 123456
66439493 123456
27290697 123456
90948254 123456
34131142 123456
40508694 123456
31705802 123456
65191688 123456
42222002 123456
66221532 123456
64615261 123456
10476211 123456
09129371 123456
08984330 123456
66133097 123456
01035571 123456
17737090 123456
80962705 123456
78137704 123456
28870103 123456
57680511 123456
16321951 123456
96853488 123456
77361522 123456
43985511 123456
30190555 123456
80268132 123456
81257946 123456
07056858 123456
95109618 123456
66533819 123456
08689386 123456
64440265 123456
64469904 123456
83282431 123456
56247217 123456
75127237 123456
27612296 123456
20344131 123456
37710045 123456
36410052 123456
96417720 123456
77607766 123456
61686741 123456
93825099 123456
66528143 123456
92447676 123456
29601165 123456
76652311 123456
65083208 123456
75308794 123456
64357186 123456
94353964 123456
39850417 123456
97036371 123456
51688437 123456
99976799 123456
83831609 123456
97207687 123456
90224274 123456
79539334 123456
35321481 123456
07663872 123456
95859596 123456
79232338 123456
01781641 123456
67395141 123456
95796273 123456
05968284 123456
90567977 123456
21311829 123456
90807364 123456
04367414 123456
27798185 123456
66101265 123456
92284290 123456
42377791 123456
54782191 123456
16465070 123456
36299656 123456
15214459 123456
29491111 123456
35773960 123456
64914130 123456
92954457 123456
98103379 123456
64813049 123456
09701392 123456
61577660 123456
91044427 123456
64967482 123456
01142928 123456
09043237 123456
69521897 123456
71483698 123456
36858830 123456
96757236 123456
79178705 123456
89327117 123456
15530692 123456
40531699 123456
13212275 123456
49792532 123456
80964139 123456
78922846 123456
99726313 123456
97086490 123456
89035304 123456
90647933 123456
00740208 123456
25777453 123456
75771078 123456
08574562 123456
88358871 123456
93835008 123456
88018993 123456
39573006 123456
01232557 123456
20360932 123456
38838133 123456
05208828 123456
72500230 123456
15184903 123456
50912415 123456
66169037 123456
13528242 123456
24772863 123456
23626284 123456
51075777 123456
96278296 123456
61720271 123456
39891135 123456
83990267 123456
52927087 123456
12937068 123456
24005298 123456
36593085 123456
76081041 123456
44648751 123456
57307657 123456
56784476 123456
40942493 123456
67047773 123456
36127526 123456
01132703 123456
68504164 123456
55844454 123456
89705951 123456
89963858 123456
44527035 123456
77363046 123456
54073464 123456
94072090 123456
42737818 123456
49252376 123456
54967589 123456
70439593 123456
15766791 123456
20604401 123456
03612252 123456
40439784 123456
18885637 123456
89038043 123456
77916161 123456
67484536 123456
05876505 123456
17964705 123456
39299937 123456
44481535 123456
26894666 123456
10105172 123456
36358757 123456
07970172 123456
70188042 123456
16923374 123456
04777190 123456
81413212 123456
89622500 123456
39672986 123456
47064130 123456
80566889 123456
65030958 123456
35368587 123456
84357686 123456
68687861 123456
35439620 123456
50311699 123456
61877880 123456
42625473 123456
49184522 123456
18528642 123456
64920312 123456
08117247 123456
91307347 123456
04249319 123456
30690526 123456
00007389 123456
68727869 123456
09929293 123456
89736973 123456
78298913 123456
31558010 123456
63569861 123456
07128241 123456
77476918 123456
86500399 123456
30897386 123456
23718032 123456
84193912 123456
11475019 123456
59141948 123456
85064935 123456
05371332 123456
78701616 123456
26135459 123456
42800709 123456
30798001 123456
41046643 123456
83133998 123456
74492710 123456
97304830 123456
33784339 123456
13616268 123456
39582303 123456
21894119 123456
71579420 123456
88395313 123456
48083726 123456
96088976 123456
69212485 123456
64900526 123456
21457022 123456
36287947 123456
03121655 123456
54052622 123456
90782734 123456
84324230 123456
24580940 123456
82781701 123456
12004240 123456
95327291 123456
18119710 123456
93979236 123456
21121983 123456
25552307 123456
59814034 123456
25134103 123456
57965944 123456
90145153 123456
74541911 123456
58298565 123456
21206220 123456
21212742 123456
93906060 123456
21500809 123456
18578855 123456
28298070 123456
76690175 123456
70760141 123456
08546587 123456
35431263 123456
30125768 123456
99099814 123456
53776607 123456
64995190 123456
74649063 123456
47754383 123456
08217022 123456
42403116 123456
92960595 123456
11067520 123456
75870232 123456
54685186 123456
78720692 123456
17880660 123456
80053782 123456
82017389 123456
36539316 123456
63515210 123456
73540215 123456
60919793 123456
60173724 123456
27610242 123456
79858531 123456
80958066 123456
23724810 123456
49080079 123456
06148409 123456
15914743 123456
62842237 123456
72510033 123456
24220508 123456
78453885 123456
39624424 123456
31676987 123456
90783528 123456
73106332 123456
42408221 123456
10717338 123456
71069813 123456
58377693 123456
84807885 123456
13535366 123456
13226514 123456
53740981 123456
13636187 123456
98264342 123456
48392966 123456
76289614 123456
45806690 123456
94164500 123456
87861930 123456
70440588 123456
85034384 123456
50397643 123456
24709763 123456
50044666 123456
53106405 123456
10718454 123456
67485561 123456
94398745 123456
23507300 123456
16413871 123456
21007370 123456
98848476 123456
14970260 123456
04475457 123456
48220319 123456
47953846 123456
01333358 123456
89213297 123456
84215331 123456
49887073 123456
46687210 123456
05427745 123456
26426988 123456
22542213 123456
37810984 123456
50075311 123456
64711323 123456
19200407 123456
82196254 123456
59327479 123456
75716913 123456
94633956 123456
79046310 123456
43403332 123456
91911022 123456
28901980 123456
17386944 123456
16044892 123456
58619335 123456
17697662 123456
07115903 123456
72003183 123456
09150553 123456
33267327 123456
89007704 123456
86888116 123456
24785638 123456
29642449 123456
13715338 123456
50290792 123456
73606403 123456
11145175 123456
38449415 123456
20281305 123456
63518876 123456
63240790 123456
78365618 123456
90541941 123456
02677668 123456
12019878 123456
61261939 123456
23968771 123456
34857860 123456
08904710 123456
62589517 123456
18286179 123456
86557152 123456
51839005 123456
61544331 123456
89042897 123456
19621809 123456
46599131 123456
40555033 123456
92478597 123456
03816733 123456
88560350 123456
40116640 123456
93841286 123456
34295139 123456
13210839 123456
46424726 123456
80934723 123456
41588936 123456
61459415 123456
23087368 123456
38513710 123456
12744201 123456
86729227 123456
00387115 123456
54774261 123456
37136018 123456
98890709 123456
92394217 123456
88439084 123456
80735881 123456
59950800 123456
36636223 123456
48982278 123456
18706821 123456
45423685 123456
51932504 123456
27772777 123456
53875047 123456
47745670 123456
66484914 123456
50344697 123456
09159716 123456
60911366 123456
27265624 123456
72840795 123456
23836342 123456
29925453 123456
34802111 123456
33403204 123456
10958026 123456
64812670 123456
07047393 123456
73643590 123456
18907369 123456
95547129 123456
81294622 123456
10606295 123456
17247697 123456
53822731 123456
79645843 123456
56838932 123456
60122308 123456
83117209 123456
03438441 123456
93387605 123456
89690575 123456
06349707 123456
95339455 123456
57224518 123456
66339499 123456
89029180 123456
67048251 123456
11335809 123456
42939939 123456
87377475 123456
12790942 123456
98695229 123456
69751849 123456
41748083 123456
89199317 123456
28849663 123456
63369779 123456
58386384 123456
77085928 123456
61561577 123456
45537197 123456
37465204 123456
85610946 123456
34619169 123456
71081695 123456
24827384 123456
50156109 123456
37271105 123456
58689131 123456
09688035 123456
91153690 123456
42867727 123456
10402201 123456
18632467 123456
89119086 123456
62700786 123456
83147529 123456
88560183 123456
53533965 123456
53242259 123456
20838965 123456
61124608 123456
53489601 123456
07436214 123456
77032440 123456
35931058 123456
99116643 123456
99324793 123456
58471411 123456
87210464 123456
61661037 123456
01819159 123456
20505061 123456
98649079 123456
40142813 123456
70641121 123456
39920036 123456
00388239 123456
29205027 123456
42644057 123456
83586494 123456
39498813 123456
18747454 123456
11341222 123456
25099124 123456
28192724 123456
39393458 123456
02490947 123456
14377323 123456
59568894 123456
74785968 123456
71404117 123456
48709764 123456
12309651 123456
16772929 123456
06457366 123456
95749580 123456
87467594 123456
98288802 123456
42028914 123456
68637789 123456
59578028 123456
83645087 123456
96167954 123456
03091649 123456
95346138 123456
62509696 123456
76988257 123456
12605237 123456
03373222 123456
82758229 123456
00223574 123456
69087754 123456
61823040 123456
88208462 123456
06138093 123456
19815250 123456
57240140 123456
99171321 123456
50590748 123456
94914017 123456
30066594 123456
94469658 123456
31815345 123456
42601520 123456
55188626 123456
67665941 123456
10966282 123456
06124973 123456
96674788 123456
04403832 123456
75081231 123456
43028458 123456
87401182 123456
39409656 123456
94887706 123456
37059895 123456
24648248 123456
89091166 123456
39596643 123456
96725801 123456
41735678 123456
69861185 123456
19246064 123456
93230395 123456
23736234 123456
97037259 123456
53452318 123456
30761727 123456
85170284 123456
29715930 123456
53826766 123456
89686688 123456
15147217 123456
53054379 123456
91785431 123456
09686169 123456
75516576 123456
64194823 123456
19705519 123456
50049298 123456
76465343 123456
13771810 123456
24569868 123456
56694144 123456
02127441 123456
27804569 123456
62911361 123456
78029765 123456
21678145 123456
53053065 123456
93501393 123456
34976640 123456
32146243 123456
72990446 123456
92895351 123456
93119486 123456
39567538 123456
83179591 123456
60195133 123456
43958619 123456
41638502 123456
51155181 123456
81750725 123456
24856374 123456
00127184 123456
51194602 123456
97136891 123456
77145280 123456
90671161 123456
41625521 123456
43926029 123456
10975099 123456
64153199 123456
61536661 123456
75540725 123456
27525477 123456
98431201 123456
83002112 123456
43641987 123456
03813547 123456
02516016 123456
54384984 123456
27291717 123456
96695006 123456
97365714 123456
39724822 123456
56012041 123456
02055023 123456
85913900 123456
50702923 123456
31517684 123456
76700545 123456
54989968 123456
35373610 123456
85576143 123456
47226398 123456
43823583 123456
10767180 123456
53068343 123456
59027496 123456
57840732 123456
56035721 123456
24911134 123456
26852964 123456
56546551 123456
34889801 123456
45294026 123456
98957959 123456
80823309 123456
31444341 123456
37025360 123456
81750657 123456
55233837 123456
56182456 123456
65640329 123456
35915847 123456
19346747 123456
38895700 123456
21877754 123456
88966360 123456
89628587 123456
26667146 123456
05656889 123456
42903628 123456
04325853 123456
27751803 123456
54804754 123456
33424748 123456
00863071 123456
44807699 123456
70815599 123456
13758017 123456
49045081 123456
53568649 123456
57732408 123456
61951609 123456
78177427 123456
60801975 123456
78755287 123456
48157027 123456
97364441 123456
41820754 123456
48319246 123456
84504681 123456
14299115 123456
99675875 123456
43996255 123456
31798800 123456
10759578 123456
01962824 123456
88524002 123456
98185597 123456
94257793 123456
67657570 123456
44610142 123456
51891196 123456
33855199 123456
51319478 123456
14954156 123456
18114258 123456
36720312 123456
49613474 123456
78675239 123456
36957275 123456
66277849 123456
50475302 123456
35357705 123456
91356660 123456
26006018 123456
23582914 123456
31173796 123456
13986950 123456
03894946 123456
85664844 123456
24689009 123456
19734996 123456
74357684 123456
73889362 123456
27133893 123456
17404298 123456
37153214 123456
68431082 123456
76362303 123456
26666636 123456
62380135 123456
59192114 123456
19525169 123456
48687445 123456
33589193 123456
53338040 123456
61238935 123456
01168818 123456
19864045 123456
61318516 123456
38360629 123456
72073278 123456
42858616 123456
25566138 123456
08109635 123456
95825533 123456
16018476 123456
91135120 123456
62858797 123456
88638660 123456
66918584 123456
13864231 123456
30989879 123456
12302576 123456
75650723 123456
90987222 123456
67589567 123456
91105831 123456
69822269 123456
85328720 123456
91121633 123456
83587977 123456
54550420 123456
68786007 123456
82665878 123456
99458993 123456
23862651 123456
01792515 123456
21548719 123456
84565544 123456
94636764 123456
88902467 123456
12372833 123456
70150613 123456
83079905 123456
20053610 123456
41160540 123456
07980134 123456
58749844 123456
28479150 123456
75436078 123456
91424297 123456
70244026 123456
69464660 123456
31491830 123456
84680908 123456
82696295 123456
84130171 123456
65830177 123456
06842433 123456
08209252 123456
36619401 123456
67176540 123456
99890964 123456
38345256 123456
12245229 123456
13080395 123456
49280543 123456
18532312 123456
53750120 123456
11254932 123456
26337758 123456
59738204 123456
24809506 123456
10463199 123456
34449407 123456
06602536 123456
83328778 123456
19309210 123456
94843051 123456
81762200 123456
74228731 123456
88591065 123456
45253137 123456
22354948 123456
81642795 123456
85185657 123456
25430850 123456
61138850 123456
41490652 123456
20844435 123456
24406490 123456
02060589 123456
99760965 123456
64793458 123456
53078803 123456
62800276 123456
23094413 123456
66762716 123456
76182824 123456
04894550 123456
91354751 123456
26378700 123456
73145470 123456
28673075 123456
89635838 123456
18093323 123456
79841884 123456
38807921 123456
12451914 123456
72050581 123456
14237859 123456
99359137 123456
21162489 123456
77081962 123456
52459883 123456
59037984 123456
33874186 123456
49463299 123456
74000696 123456
06314963 123456
05049728 123456
68173689 123456
68549531 123456
27670175 123456
70637947 123456
77518942 123456
01959683 123456
38814068 123456
13114070 123456
97941247 123456
27573330 123456
50986210 123456
23754846 123456
04822189 123456
72671404 123456
09277572 123456
93195419 123456
70224031 123456
95506640 123456
73715853 123456
31164856 123456
50233657 123456
68712104 123456
83063955 123456
17551001 123456
08063389 123456
43901194 123456
67429415 123456
43676117 123456
96355092 123456
17405144 123456
17491428 123456
68125547 123456
02108995 123456
64210569 123456
20291726 123456
25500805 123456
39101033 123456
32848348 123456
38829065 123456
54565820 123456
85809804 123456
16309689 123456
39769990 123456
97154297 123456
10954149 123456
47097631 123456
26757820 123456
78780504 123456
74916819 123456
37887603 123456
11718088 123456
58059911 123456
85258534 123456
48077623 123456
81652561 123456
10276012 123456
58780050 123456
96972866 123456
83909371 123456
27633824 123456
78883452 123456
91913930 123456
98357504 123456
22711803 123456
42960319 123456
07192702 123456
16682651 123456
00217303 123456
02342953 123456
58763595 123456
22996359 123456
04621156 123456
72586723 123456
20497597 123456
67617216 123456
97772203 123456
31190382 123456
05621121 123456
57272127 123456
18272662 123456
37551304 123456
71765280 123456
94779095 123456
87983375 123456
62807842 123456
99354620 123456
11009396 123456
84642010 123456
21122571 123456
56522193 123456
14497191 123456
11635612 123456
83448403 123456
00567478 123456
97523295 123456
23870518 123456
04251929 123456
25737984 123456
73283682 123456
41323327 123456
67505400 123456
88706838 123456
71185173 123456
57420997 123456
47996190 123456
05660681 123456
54969677 123456
21310990 123456
01828286 123456
34277963 123456
78032418 123456
59291977 123456
55169992 123456
50150274 123456
19946186 123456
28092093 123456
14444993 123456
95147155 123456
85956150 123456
95767849 123456
74861750 123456
03182075 123456
62114453 123456
81093081 123456
25772443 123456
43599648 123456
17829230 123456
59860099 123456
82881059 123456
25496567 123456
36919219 123456
74638083 123456
73616390 123456
48209675 123456
29371123 123456
23933769 123456
16459253 123456
18440344 123456
22227993 123456
13592515 123456
00730607 123456
79598633 123456
54958071 123456
77147676 123456
61614818 123456
86674015 123456
07382312 123456
03567973 123456
11027485 123456
83264570 123456
83962640 123456
01995805 123456
65321801 123456
70253965 123456
37204970 123456
83819966 123456
17226288 123456
56779094 123456
26580762 123456
38745941 123456
02354415 123456
43758700 123456
92178285 123456
99365300 123456
78853741 123456
33954944 123456
63222114 123456
36555146 123456
25135678 123456
27298614 123456
70911875 123456
73936722 123456
72858831 123456
34120807 123456
15334739 123456
10141948 123456
83206080 123456
42159497 123456
48359345 123456
30658791 123456
28816236 123456
51707815 123456
31319200 123456
76874597 123456
58918062 123456
85609450 123456
45798192 123456
93033751 123456
84782246 123456
34647123 123456
83564601 123456
92775782 123456
04148927 123456
44247574 123456
97753150 123456
96692982 123456
52492075 123456
79292029 123456
19479576 123456
82004796 123456
50998309 123456
13903789 123456
55234659 123456
23933239 123456
92144874 123456
00138963 123456
44291020 123456
42098525 123456
29157694 123456
86574036 123456
61736332 123456
37125093 123456
28077760 123456
34031024 123456
82460897 123456
60985140 123456
21076129 123456
31059368 123456
41814890 123456
49019364 123456
26818221 123456
93298749 123456
00224570 123456
39711439 123456
41375797 123456
86864933 123456
47926587 123456
47581076 123456
89265172 123456
83373868 123456
03304204 123456
69864194 123456
47216426 123456
06919675 123456
29108130 123456
51797804 123456
49896056 123456
21902995 123456
07739501 123456
41218424 123456
63565956 123456
82282371 123456
83675463 123456
76430393 123456
55778804 123456
48092365 123456
96274697 123456
45383740 123456
90537578 123456
48602215 123456
92547596 123456
47655033 123456
56188859 123456
20470271 123456
75742057 123456
55046317 123456
81039813 123456
42768375 123456
28927374 123456
04496738 123456
60486066 123456
54108775 123456
23970601 123456
31973869 123456
74031081 123456
93376705 123456
31712204 123456
13377819 123456
47936277 123456
70884341 123456
82107257 123456
63928714 123456
63566782 123456
85345163 123456
00449850 123456
49747270 123456
97761713 123456
60753062 123456
98783669 123456
51016932 123456
81511475 123456
11784785 123456
42925892 123456
11273649 123456
99204638 123456
01444405 123456
16967795 123456
78808402 123456
09268623 123456
62003514 123456
65735616 123456
07905316 123456
32455377 123456
14009336 123456
93545499 123456
84532825 123456
86347572 123456
28364688 123456
88230008 123456
67937181 123456
95868856 123456
19434647 123456
73261236 123456
64747477 123456
05036818 123456
07044964 123456
58208412 123456
66812890 123456
86528445 123456
34478843 123456
02188535 123456
01478795 123456
91430616 123456
66373405 123456
73673459 123456
49855614 123456
45914294 123456
73674985 123456
57241386 123456
83171949 123456
41254811 123456
29937159 123456
89516641 123456
78652692 123456
13072685 123456
60746672 123456
41064219 123456
18486677 123456
79682597 123456
78458110 123456
76909548 123456
57535110 123456
36312412 123456
11027457 123456
18588581 123456
28459944 123456
06421440 123456
09008386 123456
31213763 123456
29131118 123456
25117516 123456
61343515 123456
58731532 123456
14317683 123456
44874787 123456
18563992 123456
15149937 123456
87452761 123456
29424211 123456
90128399 123456
64685423 123456
67125669 123456
83949113 123456
73334785 123456
80439672 123456
97517115 123456
88619532 123456
20805813 123456
50615649 123456
65205624 123456
68628690 123456
81605827 123456
51603220 123456
19333541 123456
48978067 123456
02029500 123456
15922682 123456
65898708 123456
80599386 123456
69921149 123456
58216512 123456
90643872 123456
01574402 123456
41584572 123456
10405540 123456
84986061 123456
57505246 123456
65473864 123456
85045077 123456
91436716 123456
56080319 123456
41540265 123456
02922772 123456
64883012 123456
65793945 123456
17655788 123456
10444309 123456
98869593 123456
82106620 123456
31030760 123456
50461296 123456
15939802 123456
71527849 123456
50471115 123456
07573861 123456
01595278 123456
57468809 123456
09373532 123456
75644182 123456
99966037 123456
44924350 123456
44652926 123456
36417381 123456
17510098 123456
72197959 123456
15081451 123456
26436900 123456
17466890 123456
28065869 123456
34274033 123456
94192273 123456
49856969 123456
34518130 123456
42512205 123456
63800698 123456
02434959 123456
87480015 123456
39979102 123456
31004358 123456
89332619 123456
13727509 123456
65790845 123456
66572916 123456
90338314 123456
86741108 123456
05413181 123456
33881785 123456
59179207 123456
71194864 123456
18143836 123456
08704691 123456
38104957 123456
04575840 123456
88534134 123456
77247671 123456
58883170 123456
31908473 123456
77913068 123456
10881713 123456
33099434 123456
71844370 123456
21240787 123456
24672152 123456
95696232 123456
69444384 123456
48181219 123456
68214921 123456
27130885 123456
62698099 123456
52030389 123456
70899142 123456
84607793 123456
77542013 123456
23059028 123456
74381164 123456
20887151 123456
35241645 123456
37102880 123456
64726083 123456
19367858 123456
23098220 123456
56315202 123456
41363892 123456
96271062 123456
66015682 123456
80177531 123456
02360206 123456
85932435 123456
07909960 123456
46694921 123456
38956381 123456
44577646 123456
04986197 123456
89238665 123456
34946600 123456
15216023 123456
05504345 123456
95243301 123456
15112166 123456
25963544 123456
02031743 123456
18409240 123456
56452671 123456
81336577 123456
02713528 123456
57984795 123456
12579307 123456
19645987 123456
48914876 123456
78394390 123456
16232865 123456
47102242 123456
00568041 123456
29337376 123456
80685323 123456
91631389 123456
68284090 123456
66294791 123456
24355871 123456
68641071 123456
66342638 123456
26935504 123456
67568425 123456
78508037 123456
33347836 123456
76303750 123456
37776084 123456
67458257 123456
11038941 123456
58215719 123456
10679026 123456
94065695 123456
34929571 123456
90165072 123456
71851448 123456
36087839 123456
03598812 123456
78923590 123456
02804313 123456
65772167 123456
99198357 123456
21746043 123456
18470964 123456
99942171 123456
10218895 123456
42243972 123456
39647807 123456
59566149 123456
06052184 123456
39772352 123456
41974704 123456
21130123 123456
73475503 123456
32174875 123456
95993657 123456
21805171 123456
83405283 123456
41935200 123456
81213168 123456
75692242 123456
22116706 123456
27081638 123456
99231151 123456
76613475 123456
54572053 123456
32262695 123456
86081891 123456
15536115 123456
83953520 123456
68646259 123456
34631737 123456
12332338 123456
27239754 123456
94539531 123456
23508202 123456
53562366 123456
18736816 123456
43052586 123456
14504716 123456
54734410 123456
86383348 123456
19667999 123456
89586931 123456
12629689 123456
15052097 123456
82467110 123456
29424414 123456
31619705 123456
72324784 123456
98155919 123456
34927682 123456
79890793 123456
64062527 123456
07891884 123456
68755216 123456
73554906 123456
78662863 123456
15869431 123456
44062827 123456
34029092 123456
52964039 123456
44309422 123456
34740245 123456
20295578 123456
34811603 123456
80097689 123456
19690964 123456
61320137 123456
61008292 123456
97098638 123456
35406091 123456
26658555 123456
23537218 123456
99849169 123456
74327929 123456
77310261 123456
08673914 123456
83700133 123456
61094646 123456
60912344 123456
75770245 123456
22962665 123456
00609849 123456
41092348 123456
14732521 123456
12957974 123456
25037767 123456
15364807 123456
14673857 123456
71127478 123456
01173750 123456
49732216 123456
35787313 123456
54298561 123456
05754270 123456
41002660 123456
39394002 123456
39029908 123456
40917960 123456
95180680 123456
05152279 123456
52026830 123456
24634031 123456
69249049 123456
45484200 123456
19188748 123456
71104132 123456
70205381 123456
48860662 123456
79229654 123456
59763644 123456
60126794 123456
48493254 123456
71212505 123456
94553747 123456
31692551 123456
17572734 123456
91169536 123456
04894369 123456
74809335 123456
76861372 123456
39290853 123456
67790587 123456
28803392 123456
49762602 123456
85430427 123456
77981656 123456
93544043 123456
48832985 123456
66078812 123456
56429624 123456
97500039 123456
55572733 123456
01436982 123456
60938382 123456
29529706 123456
45408504 123456
72207360 123456
59131249 123456
21356641 123456
71423953 123456
19295006 123456
61580557 123456
31061174 123456
99957357 123456
40664634 123456
37888621 123456
11657280 123456
81242734 123456
18732342 123456
02930692 123456
92057276 123456
92782124 123456
75377669 123456
32559536 123456
85313018 123456
60859958 123456
29111680 123456
45624862 123456
82153073 123456
77401350 123456
55904321 123456
70369153 123456
63166282 123456
18806110 123456
62542599 123456
07873809 123456
84998053 123456
43819130 123456
76115547 123456
92715274 123456
02220866 123456
96066421 123456
67576167 123456
41971301 123456
85258609 123456
02716138 123456
37277560 123456
09546469 123456
43291810 123456
02114933 123456
02912830 123456
37572399 123456
69539215 123456
59196012 123456
14391248 123456
39743201 123456
78426890 123456
32058781 123456
37206791 123456
05813648 123456
96611245 123456
42567611 123456
25960635 123456
89819373 123456
93504572 123456
62316326 123456
64962205 123456
24035750 123456
68498817 123456
63107220 123456
56356880 123456
15804434 123456
23573388 123456
96897474 123456
10635562 123456
97043143 123456
54178663 123456
15850405 123456
67697615 123456
31598506 123456
97237287 123456
94456971 123456
87844818 123456
14611017 123456
27148929 123456
91963236 123456
02430280 123456
59706821 123456
53911374 123456
75613495 123456
93143356 123456
13663579 123456
87468266 123456
59868778 123456
92955769 123456
19856499 123456
51508981 123456
71274569 123456
99118629 123456
37139210 123456
89008764 123456
03134886 123456
90679876 123456
49443365 123456
58464868 123456
47250184 123456
74354639 123456
44670357 123456
26763893 123456
04213604 123456
58300789 123456
28496868 123456
93273700 123456
96124772 123456
30418902 123456
57315182 123456
66016082 123456
15053768 123456
08149425 123456
32317690 123456
74402236 123456
84866198 123456
42904259 123456
65150111 123456
17503552 123456
44688343 123456
81581026 123456
60726919 123456
83320742 123456
33722943 123456
76101435 123456
70897525 123456
31145041 123456
69682098 123456
33377273 123456
66006954 123456
53557466 123456
88013823 123456
66161332 123456
78021552 123456
19425610 123456
36581340 123456
23552489 123456
16300720 123456
67033173 123456
83474704 123456
15884516 123456
66107781 123456
00232956 123456
37822954 123456
66087248 123456
71916943 123456
21997213 123456
64405006 123456
72443046 123456
49547121 123456
38973130 123456
78967685 123456
90250130 123456
62476352 123456
55809871 123456
43870586 123456
00245181 123456
51438584 123456
34533753 123456
86673520 123456
91470877 123456
06455507 123456
36428166 123456
74742171 123456
82622139 123456
18550642 123456
35684004 123456
83284591 123456
72322356 123456
91001702 123456
95855902 123456
01372301 123456
13406448 123456
65867232 123456
87969671 123456
35356436 123456
61448656 123456
05206978 123456
46428799 123456
31804933 123456
90158107 123456
11919136 123456
48034505 123456
09105640 123456
45822809 123456
16192438 123456
55827864 123456
46730503 123456
47237563 123456
44112488 123456
30890436 123456
80605526 123456
33269074 123456
61059850 123456
41313604 123456
11183849 123456
97525826 123456
68926864 123456
24531315 123456
56822414 123456
06569084 123456
89731828 123456
33673013 123456
37206583 123456
26152223 123456
82580956 123456
61365346 123456
73571022 123456
63568895 123456
08829984 123456
09977623 123456
14291487 123456
20032264 123456
45402990 123456
73842185 123456
30226753 123456
69020755 123456
25041776 123456
07867039 123456
10602103 123456
32401097 123456
29934377 123456
99402477 123456
38344838 123456
31705419 123456
88682600 123456
68600967 123456
23320334 123456
39433609 123456
52511096 123456
52119535 123456
01328793 123456
47659291 123456
97883595 123456
67897804 123456
38990962 123456
03167859 123456
71584065 123456
92676988 123456
39986232 123456
25403671 123456
08624613 123456
76886401 123456
16452194 123456
81115037 123456
78271062 123456
09383794 123456
63318552 123456
12053381 123456
19165754 123456
97249309 123456
72319116 123456
55057467 123456
49033458 123456
75022763 123456
78316288 123456
62040869 123456
76663471 123456
29153381 123456
02795488 123456
63876504 123456
92464861 123456
61688987 123456
90981344 123456
18621309 123456
42185157 123456
13469810 123456
68932648 123456
38349141 123456
17640560 123456
70690891 123456
37210966 123456
85132890 123456
29893662 123456
19135727 123456
65833860 123456
77720318 123456
96304806 123456
70690930 123456
16535831 123456
69985404 123456
81639216 123456
55063394 123456
67553116 123456
71337145 123456
60559725 123456
36713668 123456
12387162 123456
46267882 123456
19904742 123456
34202663 123456
79378711 123456
97715137 123456
88851007 123456
73249142 123456
85845605 123456
07654284 123456
38810673 123456
77640927 123456
53066023 123456
30111525 123456
92340743 123456
17960914 123456
96047346 123456
46918779 123456
60479637 123456
50086209 123456
48700983 123456
93827317 123456
48936277 123456
88258408 123456
07039408 123456
76935332 123456
88629959 123456
05483709 123456
61661933 123456
24983171 123456
73587905 123456
26335951 123456
70453390 123456
86703860 123456
35936579 123456
15936329 123456
33139815 123456
36052077 123456
52741971 123456
62793998 123456
56978462 123456
39622598 123456
92050597 123456
87280774 123456
53554259 123456
01843279 123456
17727875 123456
37125832 123456
30939474 123456
40011105 123456
58640266 123456
21590482 123456
78741095 123456
09788071 123456
18145635 123456
43933655 123456
38676381 123456
08184089 123456
78181299 123456
51647038 123456
92337719 123456
21396925 123456
78285204 123456
43468457 123456
58262184 123456
08434625 123456
30511947 123456
32421365 123456
28322382 123456
84349796 123456
05362156 123456
62752970 123456
25534923 123456
20966842 123456
23124598 123456
37842563 123456
01272016 123456
82017047 123456
80841516 123456
58899969 123456
36344488 123456
68392722 123456
75641736 123456
20047944 123456
75188908 123456
70263802 123456
94204065 123456
75168457 123456
20134682 123456
33704973 123456
05652053 123456
93429821 123456
94493514 123456
50536852 123456
17526339 123456
21656362 123456
70378642 123456
09338060 123456
57740172 123456
61714807 123456
23127872 123456
42326753 123456
27731504 123456
93868467 123456
17675310 123456
77757539 123456
33816230 123456
57226492 123456
04788034 123456
65275347 123456
29881409 123456
52692744 123456
32346346 123456
40012926 123456
70360381 123456
43170620 123456
63313212 123456
30834587 123456
68053792 123456
80426261 123456
77059029 123456
88458601 123456
75956717 123456
65469652 123456
24149908 123456
58824850 123456
40960016 123456
60356523 123456
35359092 123456
27757490 123456
07143289 123456
86069561 123456
93586967 123456
72465022 123456
73285766 123456
69681621 123456
24499831 123456
26965469 123456
42774198 123456
49644809 123456
78858819 123456
51487955 123456
66582143 123456
61304434 123456
52077730 123456
89223545 123456
38151318 123456
36449006 123456
40196549 123456
88554546 123456
92887334 123456
94677844 123456
24645998 123456
99005984 123456
07282008 123456
53268489 123456
39817347 123456
37052342 123456
49448960 123456
62763635 123456
57941368 123456
47854453 123456
62593078 123456
23356544 123456
72857499 123456
45537063 123456
69478130 123456
94972893 123456
77918234 123456
54635364 123456
54681792 123456
31288277 123456
12936076 123456
92636505 123456
93422242 123456
25368193 123456
72825000 123456
95106186 123456
97953223 123456
97938540 123456
51751211 123456
48271611 123456
78930786 123456
01313738 123456
79302937 123456
29217454 123456
86754468 123456
15468775 123456
55177567 123456
06482116 123456
08944789 123456
47887394 123456
53438906 123456
05788835 123456
81950463 123456
72027862 123456
30016758 123456
81094588 123456
41067523 123456
60114866 123456
82616163 123456
85262432 123456
94701256 123456
19026266 123456
67882432 123456
67350627 123456
50654835 123456
26477828 123456
30352002 123456
71804354 123456
43188843 123456
18883806 123456
53586337 123456
39368572 123456
63161384 123456
31944754 123456
28042850 123456
30417505 123456
56411760 123456
07020988 123456
49603184 123456
61286638 123456
13727890 123456
19650050 123456
59060494 123456
04441032 123456
49697561 123456
55952532 123456
61211666 123456
91715957 123456
97938661 123456
09047868 123456
51261004 123456
38864700 123456
63071779 123456
09204939 123456
83778483 123456
00304094 123456
16170716 123456
66257946 123456
10902230 123456
55405755 123456
02547072 123456
41970724 123456
80363282 123456
55907771 123456
53757713 123456
76261105 123456
97685245 123456
23322233 123456
06407644 123456
73804995 123456
64353624 123456
59592624 123456
19847196 123456
94552565 123456
31719626 123456
48864910 123456
82882598 123456
92403978 123456
82624731 123456
99132034 123456
01322659 123456
59041914 123456
04127827 123456
29437871 123456
71883053 123456
39880324 123456
57154867 123456
28976944 123456
39091202 123456
63104031 123456
73933302 123456
52132135 123456
07524969 123456
68669923 123456
61324712 123456
43028808 123456
47868705 123456
66817989 123456
80525528 123456
76356785 123456
53921400 123456
31484222 123456
90179083 123456
56385892 123456
14669815 123456
10324306 123456
37965989 123456
66528727 123456
10661769 123456
87532878 123456
10427681 123456
24069335 123456
69137614 123456
86160311 123456
37242734 123456
51925167 123456
40180655 123456
93245337 123456
30604066 123456
99100394 123456
64615789 123456
55176832 123456
89049922 123456
58096952 123456
29194370 123456
07140887 123456
11831245 123456
79701469 123456
69439069 123456
15590533 123456
39921525 123456
56709066 123456
29293165 123456
69600275 123456
51443499 123456
05961776 123456
15969144 123456
53661230 123456
51342111 123456
48685528 123456
33019692 123456
46219950 123456
59640810 123456
48504326 123456
31886222 123456
36573165 123456
86880953 123456
34919460 123456
02232333 123456
89421804 123456
66798800 123456
96284858 123456
87977634 123456
16496964 123456
87880810 123456
12131770 123456
02495149 123456
72214169 123456
36654435 123456
70210188 123456
35968817 123456
41526552 123456
45834830 123456
47115554 123456
44309043 123456
19642080 123456
65327836 123456
08317944 123456
06084329 123456
37099793 123456
11411729 123456
29978708 123456
52274264 123456
05985555 123456
28275146 123456
90060048 123456
88059642 123456
03233701 123456
38941610 123456
83138316 123456
36112834 123456
51401011 123456
35254085 123456
67034022 123456
84855092 123456
90085003 123456
85296480 123456
98593387 123456
53426697 123456
73585325 123456
14275960 123456
60896762 123456
63370250 123456
58003662 123456
16316193 123456
30235003 123456
74224049 123456
91662955 123456
47671632 123456
68661050 123456
45272855 123456
72112682 123456
14049425 123456
35514985 123456
72411839 123456
52432655 123456
20654203 123456
07677841 123456
50501956 123456
17600738 123456
95747603 123456
14968424 123456
67048462 123456
19465805 123456
95568857 123456
81847316 123456
33096111 123456
99363706 123456
87169348 123456
52676380 123456
59605604 123456
34694223 123456
09424406 123456
48337859 123456
27563408 123456
46052678 123456
79319998 123456
87866933 123456
62194563 123456
89820701 123456
92947891 123456
99037883 123456
48354730 123456
80540344 123456
72310819 123456
13017785 123456
57626162 123456
13303593 123456
75677579 123456
43116344 123456
14718581 123456
52346750 123456
28448564 123456
42296499 123456
93943944 123456
45623750 123456
03610290 123456
10887752 123456
18174806 123456
15316450 123456
01911330 123456
79303320 123456
52817639 123456
81929545 123456
88663777 123456
58888112 123456
95068468 123456
27796871 123456
28633843 123456
73052907 123456
39098248 123456
31092730 123456
30027453 123456
12611789 123456
71435289 123456
81806431 123456
36766725 123456
59178994 123456
66848913 123456
72276155 123456
76946682 123456
75051151 123456
24315147 123456
66931204 123456
91958783 123456
77443745 123456
67239066 123456
77069117 123456
46718612 123456
11191548 123456
95456583 123456
76078077 123456
41864924 123456
79861781 123456
54412240 123456
80612702 123456
18604083 123456
69909799 123456
42659751 123456
39325001 123456
91618662 123456
20166862 123456
69368962 123456
31613057 123456
44159610 123456
49661731 123456
70011327 123456
89079614 123456
50179349 123456
10038159 123456
46339968 123456
09505071 123456
80981354 123456
79130052 123456
96203137 123456
73418267 123456
22595256 123456
20473262 123456
68687246 123456
13861168 123456
38848659 123456
52945412 123456
01298057 123456
68666168 123456
24838024 123456
77224683 123456
77273390 123456
89767228 123456
55837336 123456
25340008 123456
94607909 123456
88843869 123456
86910981 123456
59135934 123456
05985960 123456
09677806 123456
81207881 123456
81014849 123456
50915264 123456
80143798 123456
70617619 123456
30869753 123456
61570350 123456
68438553 123456
45346282 123456
64947493 123456
96412597 123456
43066075 123456
35453359 123456
13677314 123456
90567329 123456
87261039 123456
98398919 123456
60119256 123456
42377818 123456
47169268 123456
88015898 123456
99725456 123456
28468369 123456
72294930 123456
44274086 123456
33485023 123456
30370507 123456
72426770 123456
95405370 123456
60355209 123456
30011260 123456
57417855 123456
59823663 123456
48170265 123456
31239013 123456
02327047 123456
12404221 123456
18920536 123456
87193867 123456
83769617 123456
25959977 123456
52220366 123456
82223604 123456
16549443 123456
48650936 123456
27704668 123456
01031889 123456
97023620 123456
29110376 123456
67953381 123456
27101701 123456
87917133 123456
88323302 123456
28241475 123456
86429770 123456
99583512 123456
82078707 123456
99192580 123456
24321379 123456
25991730 123456
68249291 123456
74585997 123456
86927146 123456
93693140 123456
40715880 123456
53984471 123456
06416172 123456
41694520 123456
94858591 123456
70284174 123456
12387436 123456
74010852 123456
10913079 123456
72344081 123456
50778284 123456
04397868 123456
58110425 123456
10138151 123456
57170245 123456
57845275 123456
69246308 123456
32609511 123456
80601000 123456
20014459 123456
88370782 123456
06136673 123456
05959449 123456
32616474 123456
17587417 123456
20434337 123456
52392932 123456
33135984 123456
90588332 123456
83074029 123456
59663119 123456
43815778 123456
86207660 123456
96596989 123456
01314006 123456
31434612 123456
92505335 123456
19603181 123456
11306463 123456
57989714 123456
31570360 123456
00279064 123456
25168856 123456
01610156 123456
67433642 123456
61988067 123456
23206325 123456
85440169 123456
94976387 123456
53070441 123456
95720762 123456
66480582 123456
68800054 123456
06351692 123456
03350096 123456
29505350 123456
93382320 123456
42933010 123456
32086884 123456
14400581 123456
85508709 123456
32206182 123456
65992439 123456
15095563 123456
98349285 123456
28986327 123456
46014541 123456
92709851 123456
31993161 123456
75737126 123456
51319543 123456
16019858 123456
87789050 123456
83254351 123456
85335221 123456
53341955 123456
16241125 123456
74377342 123456
88110822 123456
75008110 123456
52434325 123456
73694441 123456
12108275 123456
25444187 123456
62279626 123456
84297096 123456
72939096 123456
66679136 123456
06907274 123456
70398193 123456
68839840 123456
84680713 123456
72267400 123456
25804616 123456
43494395 123456
13215034 123456
75233887 123456
03606299 123456
93870276 123456
36349140 123456
27046811 123456
31456962 123456
18350534 123456
09182032 123456
86722181 123456
33173196 123456
73660029 123456
48741747 123456
09964318 123456
04293276 123456
36294162 123456
57882343 123456
26528746 123456
00204653 123456
17426454 123456
93173025 123456
68465560 123456
27994209 123456
11362901 123456
61722079 123456
85532745 123456
00063177 123456
98706415 123456
79193022 123456
47907489 123456
59275303 123456
78102173 123456
63635085 123456
25929270 123456
98438405 123456
30755853 123456
33055888 123456
29260855 123456
37915927 123456
37417921 123456
02457750 123456
51741257 123456
31476630 123456
01273737 123456
90670143 123456
52646017 123456
49083784 123456
22347962 123456
45842476 123456
53890344 123456
09310125 123456
24946506 123456
14513716 123456
00522758 123456
41207262 123456
79166732 123456
58275735 123456
03939459 123456
41906862 123456
95970227 123456
85750668 123456
16520114 123456
52363693 123456
84914030 123456
55239234 123456
89641850 123456
79623598 123456
13113733 123456
55252799 123456
89451727 123456
76191027 123456
07863030 123456
49168638 123456
99818774 123456
01143013 123456
69967999 123456
25612976 123456
41286970 123456
74672299 123456
37981020 123456
35440605 123456
33192349 123456
58764783 123456
69929245 123456
76866811 123456
87711360 123456
63221266 123456
38335763 123456
33346951 123456
58578931 123456
37261069 123456
01387081 123456
18266652 123456
23278359 123456
27336581 123456
71254552 123456
31452905 123456
58517653 123456
73241956 123456
97681608 123456
74726210 123456
67749315 123456
66230470 123456
42648067 123456
30295656 123456
48091466 123456
90328906 123456
97192300 123456
53735534 123456
34123501 123456
67104301 123456
81839960 123456
73266034 123456
69687994 123456
72540293 123456
41225512 123456
17276985 123456
23101008 123456
07584229 123456
15912633 123456
94611453 123456
37381060 123456
75258902 123456
37402397 123456
84849059 123456
58311472 123456
94540260 123456
93901776 123456
89252178 123456
56641975 123456
84535784 123456
42700387 123456
82143108 123456
47316075 123456
22709091 123456
40035211 123456
79100775 123456
62656915 123456
54062243 123456
89919580 123456
54740664 123456
07123660 123456
73961024 123456
26381991 123456
27842002 123456
86551358 123456
67174203 123456
84127677 123456
39790762 123456
25854014 123456
62062849 123456
49273246 123456
07968517 123456
05568190 123456
81970577 123456
83015774 123456
01313245 123456
45791407 123456
46944770 123456
05249076 123456
35618904 123456
60221512 123456
61385010 123456
01560295 123456
65859121 123456
47220683 123456
62289673 123456
65276126 123456
92653075 123456
19441841 123456
60373202 123456
65480314 123456
82062851 123456
77876629 123456
40915576 123456
16688235 123456
31260113 123456
92951335 123456
60323129 123456
55947571 123456
32585051 123456
09224306 123456
42709432 123456
02083017 123456
28819399 123456
08363009 123456
54215412 123456
63447946 123456
13556885 123456
93678744 123456
11439405 123456
58519590 123456
75892553 123456
45311124 123456
58133678 123456
02262238 123456
61611660 123456
82835575 123456
81006458 123456
64048719 123456
05904261 123456
94026894 123456
82876977 123456
36898245 123456
37839019 123456
66110116 123456
91325660 123456
84792171 123456
13490384 123456
13825591 123456
80683755 123456
12404528 123456
28827197 123456
81979141 123456
66796633 123456
44002344 123456
83766872 123456
12634031 123456
94558913 123456
95790504 123456
88821518 123456
04034847 123456
06647915 123456
42661033 123456
45232282 123456
79081181 123456
32779146 123456
99546543 123456
48108538 123456
88003757 123456
05347418 123456
16887564 123456
06237581 123456
94087340 123456
39119576 123456
22069683 123456
27915667 123456
75999139 123456
06032817 123456
73894357 123456
49673713 123456
47355516 123456
97897508 123456
57820407 123456
49450048 123456
67571693 123456
68494437 123456
69893373 123456
98659150 123456
15635364 123456
42927924 123456
03905176 123456
52809938 123456
95339452 123456
35439163 123456
78584093 123456
53432875 123456
88563305 123456
81645530 123456
50107088 123456
88188455 123456
22924525 123456
41485003 123456
73582992 123456
01784809 123456
65030445 123456
65516095 123456
18390435 123456
58968022 123456
28695812 123456
37600929 123456
43944476 123456
95073424 123456
07891192 123456
52227216 123456
00378979 123456
87952987 123456
65162041 123456
35755052 123456
46696581 123456
79569672 123456
22656044 123456
04424003 123456
65134349 123456
29530780 123456
84647357 123456
27884464 123456
91734315 123456
93012648 123456
68059128 123456
28614894 123456
71863504 123456
01017521 123456
60718617 123456
07150804 123456
93515643 123456
36432881 123456
64091153 123456
49207800 123456
52720213 123456
40461190 123456
31298061 123456
43028684 123456
63176134 123456
37837835 123456
92127507 123456
49815674 123456
47237416 123456
80900683 123456
09454121 123456
73738314 123456
58811192 123456
32058050 123456
28447177 123456
95381888 123456
35868869 123456
19170535 123456
79628116 123456
56946578 123456
65250495 123456
03876739 123456
54307540 123456
61874208 123456
40707213 123456
39645982 123456
68769817 123456
04535642 123456
54995478 123456
17545904 123456
76988624 123456
13324727 123456
26539626 123456
03857774 123456
00910384 123456
90037170 123456
90877770 123456
63871620 123456
56693789 123456
05971988 123456
22257541 123456
02001632 123456
60867317 123456
39896901 123456
73289225 123456
85769974 123456
93442047 123456
13670982 123456
02837231 123456
34413915 123456
02902246 123456
67196869 123456
30922022 123456
79052503 123456
53861965 123456
17628096 123456
08189218 123456
54141011 123456
84815563 123456
64079041 123456
79546063 123456
18074886 123456
59103152 123456
58868263 123456
72680290 123456
59314123 123456
53869406 123456
65109442 123456
88903498 123456
35493356 123456
68139380 123456
48547194 123456
42993380 123456
03295917 123456
08551567 123456
77929148 123456
96164294 123456
44070076 123456
90651396 123456
81672733 123456
90322250 123456
04086467 123456
51361483 123456
70305373 123456
20421768 123456
37032318 123456
63713718 123456
12176767 123456
47862747 123456
96798579 123456
02262351 123456
80774407 123456
07969572 123456
09361242 123456
47388462 123456
28099862 123456
72415732 123456
00986103 123456
86061813 123456
74517133 123456
37443396 123456
53693781 123456
51267820 123456
51754890 123456
95015820 123456
75597881 123456
92520465 123456
56260968 123456
74737898 123456
03165030 123456
34214804 123456
17115418 123456
98398248 123456
13768040 123456
65409326 123456
80693209 123456
10373080 123456
83457477 123456
29801998 123456
21162323 123456
00424483 123456
97638008 123456
48936215 123456
88644838 123456
02744112 123456
44016786 123456
48313153 123456
08958595 123456
62903528 123456
74661351 123456
36584152 123456
50108863 123456
49917491 123456
23437380 123456
55719803 123456
52712480 123456
16892919 123456
30968162 123456
58122231 123456
52660963 123456
93938369 123456
12854319 123456
67293143 123456
18474051 123456
40101026 123456
09719816 123456
16722597 123456
01453568 123456
31065828 123456
33899840 123456
34689119 123456
80166211 123456
55790178 123456
19821187 123456
21131445 123456
85867439 123456
23571341 123456
61961828 123456
77530051 123456
16639592 123456
51116521 123456
67072172 123456
85822391 123456
83128908 123456
41018015 123456
31473831 123456
42737237 123456
68662892 123456
11578432 123456
18866473 123456
32293989 123456
18529565 123456
81166998 123456
53547475 123456
60122673 123456
00549788 123456
52806390 123456
78092054 123456
31754496 123456
32444872 123456
03749584 123456
93211499 123456
90159799 123456
28958009 123456
58878493 123456
92549503 123456
65188655 123456
79524257 123456
43175432 123456
94678482 123456
39719560 123456
69552875 123456
43393133 123456
97712482 123456
64603682 123456
98456234 123456
52186979 123456
31251846 123456
62429238 123456
03678330 123456
86234723 123456
99495037 123456
12009915 123456
16050732 123456
42347907 123456
34498481 123456
70527106 123456
88942869 123456
92471569 123456
44260681 123456
48698135 123456
09230543 123456
17495889 123456
01651926 123456
29269554 123456
39961543 123456
93013075 123456
48951850 123456
67858771 123456
95868696 123456
02624223 123456
31327964 123456
66504218 123456
41327646 123456
47640935 123456
58919816 123456
77301845 123456
03483506 123456
64374855 123456
21277815 123456
98129810 123456
54600724 123456
69038561 123456
97585940 123456
92814255 123456
95172759 123456
83548015 123456
03327705 123456
77724294 123456
90443866 123456
46283369 123456
85701829 123456
53333946 123456
35562499 123456
88056223 123456
51211711 123456
41141990 123456
38003139 123456
88353142 123456
85892573 123456
21603901 123456
17761554 123456
34601613 123456
78468081 123456
29385981 123456
39486905 123456
97898066 123456
86066835 123456
40984366 123456
39231251 123456
79694094 123456
17376701 123456
79699471 123456
79808857 123456
64917492 123456
52387829 123456
18300827 123456
77917313 123456
21955628 123456
24466881 123456
01191505 123456
01134557 123456
78376595 123456
79359719 123456
60931609 123456
20917907 123456
30104727 123456
51235723 123456
79299941 123456
25671663 123456
41099881 123456
21660663 123456
87131459 123456
94534129 123456
93628904 123456
81974161 123456
93122095 123456
79982484 123456
89603432 123456
99004001 123456
99818349 123456
68078905 123456
59383708 123456
17114974 123456
01127639 123456
35754047 123456
79377111 123456
44296991 123456
91137915 123456
37858192 123456
82714851 123456
45112407 123456
64572875 123456
69456570 123456
05707575 123456
88672596 123456
99672866 123456
71153022 123456
93610685 123456
25691230 123456
88361707 123456
45681681 123456
04056536 123456
60509162 123456
41168231 123456
12494366 123456
10214933 123456
04887387 123456
10259598 123456
08893293 123456
21750278 123456
83915281 123456
02731812 123456
35782244 123456
69685084 123456
45350969 123456
09025438 123456
64901949 123456
19241035 123456
07038232 123456
11065937 123456
91732738 123456
79008722 123456
90481108 123456
51175532 123456
57159619 123456
47754202 123456
32243344 123456
64698729 123456
20324950 123456
41512546 123456
73631267 123456
40801362 123456
72075891 123456
26532072 123456
20377237 123456
05362367 123456
18399768 123456
38291188 123456
07376807 123456
50474662 123456
44692536 123456
37500862 123456
72151952 123456
15933519 123456
24518116 123456
30393660 123456
97178892 123456
78117844 123456
85749319 123456
10509980 123456
41127298 123456
97460329 123456
92827941 123456
95881335 123456
37394660 123456
15104260 123456
13738011 123456
15280806 123456
43945152 123456
92161796 123456
74818609 123456
11005182 123456
37227030 123456
16717084 123456
53317587 123456
55878769 123456
27539217 123456
89817379 123456
96374947 123456
35040194 123456
96603587 123456
25239197 123456
18931530 123456
45915629 123456
86260950 123456
05658590 123456
92741806 123456
66845542 123456
11716847 123456
56623003 123456
94397685 123456
71528743 123456
64363563 123456
57256097 123456
22007328 123456
50480109 123456
92841642 123456
46569796 123456
66829762 123456
29455272 123456
13896335 123456
67041873 123456
23662573 123456
08329242 123456
87820343 123456
53023627 123456
76565797 123456
14858362 123456
53064924 123456
20861837 123456
52834503 123456
44603669 123456
33732983 123456
88486849 123456
02070093 123456
21022975 123456
07045543 123456
34678027 123456
27119239 123456
92903825 123456
83176674 123456
22003404 123456
18029681 123456
86442450 123456
04057886 123456
13541217 123456
04700322 123456
94091738 123456
21572526 123456
67502627 123456
68108489 123456
63620063 123456
74278689 123456
18680896 123456
10829500 123456
30615122 123456
57202916 123456
41281859 123456
66594636 123456
99711426 123456
52802887 123456
82578285 123456
15989158 123456
86971416 123456
90841680 123456
16487012 123456
29381628 123456
30237737 123456
55139723 123456
83751880 123456
34077505 123456
15258467 123456
39572047 123456
25759680 123456
51637017 123456
01346116 123456
45254514 123456
95771167 123456
24021709 123456
99479647 123456
80041202 123456
77455477 123456
96223286 123456
95757049 123456
24355642 123456
49982341 123456
43699886 123456
30885748 123456
75822364 123456
20999034 123456
29772402 123456
20739759 123456
15337773 123456
10126459 123456
99442335 123456
45576843 123456
69992328 123456
75024504 123456
17704143 123456
60581702 123456
64190799 123456
74441303 123456
49622846 123456
41434121 123456
73192513 123456
39403249 123456
20459185 123456
22381269 123456
15120631 123456
77622999 123456
27995029 123456
86002636 123456
25938046 123456
72256946 123456
29878391 123456
01129557 123456
70984098 123456
50163266 123456
17925158 123456
89188497 123456
05464991 123456
52609210 123456
72042118 123456
09661036 123456
77529036 123456
34551914 123456
91620939 123456
47179578 123456
46427510 123456
22635041 123456
59224962 123456
18754794 123456
30682400 123456
07026572 123456
67010770 123456
98920227 123456
05118768 123456
86123889 123456
43267903 123456
57605564 123456
30701384 123456
98632433 123456
25594056 123456
80807460 123456
34083702 123456
96899686 123456
69574992 123456
85664391 123456
45440472 123456
03207865 123456
58356489 123456
91650115 123456
13646808 123456
12345675 123456
31854992 123456
46983525 123456
10809473 123456
16859500 123456
37929352 123456
18180516 123456
41196034 123456
20492919 123456
85117815 123456
16575332 123456
81085626 123456
18742635 123456
98300484 123456
80678700 123456
59379317 123456
04815230 123456
15696699 123456
90105568 123456
94293540 123456
52693025 123456
07277235 123456
85968365 123456
31590027 123456
67664155 123456
57699011 123456
74477986 123456
39873485 123456
56784736 123456
45586939 123456
22796117 123456
99064457 123456
63015051 123456
13800342 123456
75742107 123456
74878781 123456
16644630 123456
44097554 123456
35501981 123456
18401116 123456
19279246 123456
10496178 123456
64648222 123456
13550678 123456
01766678 123456
45531993 123456
16977766 123456
31131080 123456
78987096 123456
52754446 123456
70127077 123456
17811873 123456
54726751 123456
85913273 123456
21552336 123456
32686527 123456
62625001 123456
95336068 123456
88885120 123456
84353641 123456
45158995 123456
30924682 123456
38222499 123456
45264206 123456
45183258 123456
02662470 123456
91002496 123456
41970204 123456
38418894 123456
08398783 123456
53333672 123456
33293970 123456
16524174 123456
30673773 123456
98296087 123456
32130291 123456
74041927 123456
56997843 123456
19841220 123456
49575279 123456
33203699 123456
81382592 123456
11626396 123456
11568912 123456
34534935 123456
00570870 123456
90713949 123456
67255701 123456
34048138 123456
84747569 123456
18972332 123456
62944573 123456
79277676 123456
22491944 123456
94318350 123456
99020999 123456
53688600 123456
47158418 123456
12942913 123456
61362911 123456
50741144 123456
44793708 123456
50938243 123456
32904816 123456
24101663 123456
82370420 123456
94605095 123456
82803869 123456
42769286 123456
26769782 123456
67361760 123456
17737624 123456
89971715 123456
08532574 123456
00062245 123456
18580292 123456
94445185 123456
44803456 123456
19744694 123456
08720261 123456
53879062 123456
54842228 123456
74507623 123456
33003164 123456
68595669 123456
37229434 123456
61253554 123456
59684326 123456
02794885 123456
12345748 123456
57705454 123456
06027079 123456
39755758 123456
80459102 123456
51235253 123456
23453355 123456
49388977 123456
40889445 123456
06750215 123456
53043401 123456
31990265 123456
33658076 123456
15617740 123456
53993916 123456
49225112 123456
20764346 123456
63114345 123456
08073589 123456
54253219 123456
40367821 123456
99543224 123456
05291947 123456
84498101 123456
96945841 123456
00134003 123456
89475724 123456
35772708 123456
62491785 123456
59003856 123456
29226730 123456
40468628 123456
76529116 123456
26243548 123456
20097560 123456
37042464 123456
01732523 123456
85440346 123456
01746119 123456
21111095 123456
53568523 123456
11961229 123456
49780154 123456
40854398 123456
40264740 123456
62830211 123456
43913767 123456
90223364 123456
71062436 123456
28056486 123456
01843320 123456
18600619 123456
04442622 123456
30324235 123456
51726143 123456
82655451 123456
66095759 123456
74844495 123456
12370992 123456
62418387 123456
31446695 123456
29905796 123456
35825001 123456
31884446 123456
81933002 123456
21763901 123456
07954906 123456
13450846 123456
65681845 123456
42808339 123456
84479093 123456
54796542 123456
15260302 123456
69931456 123456
96995192 123456
93555571 123456
57441059 123456
12184755 123456
33159520 123456
10139101 123456
58494490 123456
59431013 123456
41587292 123456
74784145 123456
23087222 123456
73356344 123456
54451665 123456
15704148 123456
09452752 123456
30457639 123456
60100753 123456
15257018 123456
41746780 123456
46811878 123456
95607662 123456
15194043 123456
08447269 123456
06781836 123456
87368897 123456
73653450 123456
27287278 123456
46475700 123456
93186319 123456
33337812 123456
63277695 123456
21400710 123456
02051762 123456
06313030 123456
67277943 123456
93858539 123456
39799233 123456
41025725 123456
69287704 123456
14795794 123456
26954157 123456
97919393 123456
33547661 123456
23251159 123456
39344120 123456
39941276 123456
99179479 123456
88462060 123456
19465265 123456
64947313 123456
18171626 123456
54914619 123456
83861419 123456
85446049 123456
29235275 123456
37686354 123456
34680752 123456
15701104 123456
41784657 123456
07212191 123456
30279199 123456
07926745 123456
75518972 123456
37057500 123456
81088531 123456
75030845 123456
70187826 123456
07592699 123456
27559260 123456
45949344 123456
69245354 123456
17433080 123456
42214486 123456
33363877 123456
31072221 123456
84820183 123456
24697166 123456
08904967 123456
17238408 123456
39735262 123456
95896683 123456
33862518 123456
61565790 123456
45664933 123456
79447982 123456
68926256 123456
33637545 123456
38248857 123456
96071418 123456
51176562 123456
26069475 123456
24497005 123456
39966435 123456
40743633 123456
76477995 123456
03129361 123456
51908353 123456
28836146 123456
29978514 123456
55040534 123456
55947219 123456
95875186 123456
94973818 123456
26676785 123456
45429924 123456
27632085 123456
51592654 123456
64805136 123456
03522258 123456
03339219 123456
85789363 123456
03525116 123456
26376056 123456
46862481 123456
14819067 123456
37712439 123456
35609553 123456
70690896 123456
96425125 123456
50172984 123456
97393761 123456
91828072 123456
40787652 123456
54063270 123456
86231332 123456
99720506 123456
80712064 123456
23790179 123456
28959645 123456
52143865 123456
32964404 123456
62901556 123456
17902986 123456
28363765 123456
39101640 123456
86512690 123456
91141857 123456
09642851 123456
72999451 123456
89277641 123456
04231930 123456
83158756 123456
14104760 123456
85274122 123456
16165474 123456
94329280 123456
42450933 123456
43450613 123456
89625189 123456
10904859 123456
83058271 123456
55696521 123456
15928748 123456
72011260 123456
66398432 123456
51404269 123456
09145232 123456
51437660 123456
06109065 123456
55917559 123456
18276068 123456
09043696 123456
82146431 123456
54499874 123456
21782796 123456
40283179 123456
74133497 123456
25816030 123456
56759290 123456
63999995 123456
58096439 123456
44676494 123456
33541310 123456
12575880 123456
16243437 123456
13251941 123456
61025280 123456
09183107 123456
03284166 123456
06909120 123456
37269438 123456
09406555 123456
21510841 123456
84233811 123456
74814412 123456
76605104 123456
60451665 123456
52777734 123456
00078038 123456
40436939 123456
50084542 123456
65068821 123456
05842490 123456
40264153 123456
21693905 123456
36803914 123456
11562569 123456
76791530 123456
04995945 123456
28218517 123456
18098582 123456
05931721 123456
58300216 123456
70897025 123456
96850696 123456
31360319 123456
08179178 123456
01249937 123456
99424067 123456
60826150 123456
74610022 123456
74189648 123456
17081865 123456
69798738 123456
28920341 123456
29573736 123456
14216553 123456
32760156 123456
71131022 123456
76736564 123456
11763138 123456
66217809 123456
67122193 123456
98296896 123456
59141094 123456
37122756 123456
10621628 123456
05103072 123456
75108696 123456
33843979 123456
61085741 123456
91579042 123456
91666405 123456
41502835 123456
36247398 123456
77886909 123456
11323571 123456
47903887 123456
66232973 123456
47510159 123456
26399531 123456
33110637 123456
89369556 123456
03695600 123456
23823058 123456
73924188 123456
15590577 123456
28677847 123456
09305426 123456
56939686 123456
93118082 123456
35931183 123456
34870074 123456
51604090 123456
05213434 123456
30281296 123456
36913803 123456
40905281 123456
09457198 123456
77634275 123456
09168007 123456
09001573 123456
38090251 123456
92991945 123456
93967580 123456
29070033 123456
79646381 123456
74008118 123456
00896713 123456
60346871 123456
71513094 123456
55503868 123456
48137527 123456
82396190 123456
36955245 123456
97143904 123456
73884741 123456
96820507 123456
74140965 123456
75290703 123456
83929766 123456
54909628 123456
33001261 123456
49363818 123456
77989636 123456
96287124 123456
19878352 123456
00576602 123456
80412203 123456
13665200 123456
11802060 123456
62394937 123456
31104016 123456
28959574 123456
75490449 123456
95685837 123456
38119410 123456
24429983 123456
93968100 123456
50513923 123456
63527879 123456
11039100 123456
81154602 123456
83970036 123456
99400546 123456
55633721 123456
60555737 123456
83069288 123456
71008312 123456
08992145 123456
40284091 123456
90978040 123456
46672451 123456
32838418 123456
17923485 123456
00944667 123456
46454350 123456
92626821 123456
15597911 123456
34129463 123456
17721753 123456
62364383 123456
24140111 123456
00286675 123456
93788521 123456
98847990 123456
53240705 123456
08561890 123456
04955653 123456
62919959 123456
15265984 123456
55372858 123456
24818395 123456
79476488 123456
29245547 123456
87806836 123456
69842170 123456
48895622 123456
59744404 123456
40130807 123456
45844505 123456
11078764 123456
27813812 123456
97014493 123456
44096654 123456
16062924 123456
52628252 123456
29975214 123456
67345051 123456
09453553 123456
02634488 123456
16117777 123456
25105338 123456
75372356 123456
75572869 123456
90712277 123456
85782938 123456
34127727 123456
06578913 123456
65942989 123456
69248165 123456
40780058 123456
59518707 123456
83559802 123456
91781195 123456
02417951 123456
39720500 123456
12037286 123456
92331958 123456
57532621 123456
48270386 123456
12832547 123456
11086317 123456
55342924 123456
32845502 123456
83852550 123456
41748356 123456
94375762 123456
54442295 123456
29516726 123456
26092015 123456
02250280 123456
82549001 123456
62806537 123456
30672582 123456
89659435 123456
88107928 123456
21651358 123456
93344982 123456
41677563 123456
61388541 123456
65828067 123456
05256280 123456
24936608 123456
94996905 123456
42520497 123456
58036677 123456
62482885 123456
96847035 123456
68064829 123456
66918405 123456
29636132 123456
13808696 123456
06182043 123456
75062846 123456
25274329 123456
91645990 123456
84151844 123456
83505841 123456
11337298 123456
38369893 123456
26600379 123456
99309169 123456
36617398 123456
92302564 123456
92037989 123456
48474793 123456
96371536 123456
10839836 123456
35225244 123456
59747179 123456
69741962 123456
92140063 123456
22540784 123456
22931517 123456
60497254 123456
06655376 123456
65120144 123456
55397539 123456
19285318 123456
28011790 123456
56713335 123456
15886405 123456
50047355 123456
21815523 123456
17174783 123456
23086039 123456
46594777 123456
93331610 123456
85391147 123456
50813384 123456
73700288 123456
12832090 123456
30629580 123456
14626001 123456
71748401 123456
22648393 123456
18105312 123456
85711959 123456
07776545 123456
41097568 123456
29727862 123456
85145428 123456
73401402 123456
30775217 123456
55180655 123456
44767093 123456
04843752 123456
28734335 123456
45559775 123456
06441612 123456
38464064 123456
40950131 123456
96183159 123456
17487618 123456
47127034 123456
38237013 123456
63057524 123456
93848288 123456
18486772 123456
40907640 123456
24223810 123456
94438834 123456
67614360 123456
71718394 123456
73622675 123456
57712263 123456
69349135 123456
05173698 123456
47150550 123456
57346243 123456
54614607 123456
32662259 123456
22295908 123456
95385835 123456
86717807 123456
85165767 123456
78601674 123456
89201900 123456
42638560 123456
20432717 123456
88130986 123456
05754218 123456
32493923 123456
50055062 123456
84894766 123456
26351698 123456
32048624 123456
89960162 123456
80103800 123456
19660313 123456
72118752 123456
83513996 123456
17303051 123456
15766255 123456
27661156 123456
73191181 123456
12673641 123456
02021365 123456
80787090 123456
37812591 123456
17131202 123456
82662802 123456
47499620 123456
21838929 123456
18783888 123456
93961602 123456
48849617 123456
88081174 123456
97141960 123456
31298967 123456
02320470 123456
87683392 123456
31631970 123456
62263932 123456
63213217 123456
83130881 123456
74439194 123456
52918802 123456
07860105 123456
94730466 123456
52265548 123456
67692928 123456
07712593 123456
14311514 123456
50508735 123456
97522124 123456
43111146 123456
93412328 123456
16839012 123456
67514083 123456
97170168 123456
37655780 123456
85422680 123456
74615894 123456
98161991 123456
15923840 123456
45400201 123456
69521199 123456
34049694 123456
25073058 123456
20183229 123456
38116801 123456
81195002 123456
25767314 123456
71465685 123456
11752816 123456
04292964 123456
25725506 123456
34288970 123456
87469137 123456
96545440 123456
74126570 123456
06513726 123456
75096511 123456
49402750 123456
52682980 123456
59080022 123456
96497268 123456
89100444 123456
35552388 123456
79284407 123456
48481040 123456
57551618 123456
07754883 123456
25092693 123456
49599494 123456
89060554 123456
50711152 123456
95590707 123456
77721961 123456
99171276 123456
11403080 123456
83288396 123456
96720318 123456
21007942 123456
81826589 123456
12426890 123456
30861032 123456
90125450 123456
13620559 123456
00574486 123456
51809977 123456
83363455 123456
09589861 123456
33236687 123456
59093827 123456
94198712 123456
91274810 123456
20700105 123456
88031191 123456
01902098 123456
50443901 123456
06261310 123456
91756986 123456
28118105 123456
70469624 123456
13885859 123456
97506841 123456
72862897 123456
81753888 123456
09094287 123456
13349774 123456
01623079 123456
90453994 123456
80828839 123456
11609613 123456
01004556 123456
21841504 123456
94211865 123456
75592532 123456
11322303 123456
33127411 123456
97367643 123456
58106981 123456
39456370 123456
34011377 123456
81520711 123456
05495252 123456
50278523 123456
48674852 123456
01320011 123456
01928230 123456
25295904 123456
20664781 123456
08548567 123456
92807086 123456
65947675 123456
54742980 123456
67590881 123456
10467645 123456
44321646 123456
76728217 123456
62100847 123456
85527297 123456
06327893 123456
23173196 123456
28132313 123456
97693923 123456
67455808 123456
08171184 123456
91472351 123456
20865613 123456
81983457 123456
42279934 123456
03556893 123456
24993922 123456
26198917 123456
67623302 123456
43314351 123456
59651833 123456
62788749 123456
61408381 123456
85223416 123456
41114564 123456
80827768 123456
84908326 123456
07597747 123456
77516486 123456
43324546 123456
40866715 123456
03747596 123456
86873719 123456
13925107 123456
20078383 123456
90761722 123456
97527062 123456
90455458 123456
62506504 123456
15094524 123456
96956142 123456
05341226 123456
04672965 123456
68482198 123456
03974275 123456
26170398 123456
04256517 123456
65866817 123456
57871350 123456
51955854 123456
91614844 123456
34038413 123456
15417968 123456
93616708 123456
15332513 123456
82147587 123456
42454327 123456
80038896 123456
26687351 123456
09559214 123456
44005580 123456
30105422 123456
65897298 123456
55713190 123456
51374544 123456
02221484 123456
31886084 123456
09211008 123456
77549479 123456
98188084 123456
26732412 123456
76853089 123456
68568691 123456
23792218 123456
60533425 123456
04201729 123456
20067969 123456
53737444 123456
56117066 123456
57697027 123456
61260758 123456
62673629 123456
64020950 123456
46524377 123456
05459931 123456
15116046 123456
36144463 123456
95965260 123456
02409445 123456
20722024 123456
65972391 123456
34328045 123456
89574800 123456
72638993 123456
13792855 123456
83682380 123456
83563780 123456
31392029 123456
24093956 123456
33967902 123456
21504560 123456
87646485 123456
91932670 123456
39513193 123456
63668593 123456
65800926 123456
68973282 123456
03982614 123456
97196065 123456
77130511 123456
06038885 123456
25680452 123456
54142865 123456
73030966 123456
53920621 123456
31203996 123456
19451988 123456
81646647 123456
21924089 123456
72628120 123456
29941374 123456
20359148 123456
25572956 123456
93123456 123456
66286125 123456
67095809 123456
31619122 123456
58671184 123456
54243110 123456
82158392 123456
15877664 123456
41443560 123456
73504737 123456
27932441 123456
92448760 123456
88291854 123456
87431844 123456
08037500 123456
48096079 123456
81793805 123456
32462687 123456
06325203 123456
49165704 123456
67795518 123456
64799465 123456
62318741 123456
02793559 123456
71997838 123456
79633414 123456
66770039 123456
04979817 123456
99426875 123456
17958891 123456
02849576 123456
03091918 123456
79126384 123456
53171907 123456
08238434 123456
05910865 123456
52987535 123456
86850155 123456
95811333 123456
01303775 123456
02338660 123456
13962589 123456
99286204 123456
25232310 123456
61271507 123456
64137761 123456
08035836 123456
39923471 123456
76910613 123456
59979163 123456
45500239 123456
31542355 123456
99187988 123456
83270015 123456
55639090 123456
10163288 123456
05867558 123456
67077029 123456
30158618 123456
06385525 123456
82772092 123456
32054563 123456
64426722 123456
25537935 123456
32336113 123456
76422021 123456
32629726 123456
74587620 123456
08574711 123456
69178225 123456
64695256 123456
16710065 123456
76494935 123456
65586830 123456
30680063 123456
49262227 123456
42516340 123456
82528271 123456
10144288 123456
99863038 123456
75388720 123456
54846087 123456
31009926 123456
59461496 123456
27832103 123456
39600082 123456
88085733 123456
01611184 123456
18105534 123456
59055078 123456
97640412 123456
97225505 123456
49276102 123456
30020744 123456
24098604 123456
08856386 123456
59057782 123456
31199901 123456
35028287 123456
18662913 123456
94373227 123456
55759421 123456
17796069 123456
41302942 123456
02984175 123456
57920001 123456
28174045 123456
18804827 123456
79494086 123456
69072650 123456
92354762 123456
53640454 123456
91363773 123456
65595288 123456
50690206 123456
29793375 123456
76095795 123456
48905482 123456
38726772 123456
74228214 123456
26030899 123456
15536725 123456
03330813 123456
38659857 123456
24491829 123456
79127413 123456
06141658 123456
48285902 123456
61288475 123456
74422565 123456
66805513 123456
80324352 123456
56884410 123456
46044098 123456
41058188 123456
38906250 123456
79150611 123456
73702810 123456
99042852 123456
77115895 123456
56838953 123456
17832773 123456
32049518 123456
55725435 123456
54924380 123456
88626960 123456
38637759 123456
58878708 123456
54848535 123456
90793550 123456
49604203 123456
41824963 123456
54434953 123456
67754110 123456
27258473 123456
83829605 123456
82177994 123456
33555395 123456
09531767 123456
60925303 123456
60283020 123456
63513829 123456
88014248 123456
42815811 123456
28050078 123456
32844012 123456
88663309 123456
62697385 123456
49878155 123456
41348143 123456
79322414 123456
14349789 123456
92939450 123456
56783267 123456
72237620 123456
74007400 123456
55135118 123456
49571240 123456
81080889 123456
30777288 123456
66510265 123456
05478193 123456
80207086 123456
41892831 123456
13782239 123456
35978967 123456
10904072 123456
01819987 123456
53693075 123456
32218686 123456
45422123 123456
82802483 123456
64891014 123456
62406161 123456
31615958 123456
51216857 123456
78049824 123456
65971628 123456
37141058 123456
85045275 123456
80523310 123456
75964936 123456
23298017 123456
66185583 123456
93957188 123456
10169720 123456
92024422 123456
56798242 123456
47353641 123456
52402604 123456
28241334 123456
22574645 123456
10901292 123456
13967927 123456
15383765 123456
52381568 123456
25810417 123456
13990150 123456
52092040 123456
84795170 123456
70095595 123456
08204323 123456
23094699 123456
09223262 123456
89494401 123456
47379722 123456
36360281 123456
05577988 123456
12916288 123456
15715627 123456
26004951 123456
70698107 123456
18247892 123456
73576306 123456
20720575 123456
49177215 123456
84823967 123456
75058693 123456
16346694 123456
76913209 123456
82444636 123456
97579500 123456
50820600 123456
02405562 123456
32354434 123456
90767529 123456
22186118 123456
07375846 123456
78911359 123456
20934020 123456
60130263 123456
31784106 123456
31552506 123456
41866821 123456
69491661 123456
39321853 123456
20253378 123456
38464004 123456
62567933 123456
87074887 123456
85929151 123456
16846719 123456
37862996 123456
63004082 123456
60911310 123456
61171939 123456
34248516 123456
58283281 123456
83941034 123456
79698859 123456
51799102 123456
90077487 123456
26645829 123456
98666642 123456
77691721 123456
97548519 123456
46822086 123456
82412356 123456
37092617 123456
1824488791 123456
2426999463 123456
2285010001 123456
2843344125 123456